[MAPCONFIG]
MAXX=523832.000000
MAXY=3412744.000000
MINX=519801.000000
MINY=3409600.000000
ZoomIn=1.000000
XC=1
YC=0
