[MAPCONFIG]
MAXX=525516.000000
MAXY=2721438.000000
MINX=525438.000000
MINY=2721364.000000
ZoomIn=10.000000
XC=1
YC=0
