;图像路径以及名称
[Point]
Bottom=2721207.3884
Top=2721516.8778
Left=525218.7151
Right=525651.6906

;Left=2721250.2
;Right=2721559.7
;Bottom=524961.400000
;Top=525394.400000

[MAPCONFIGSTATE]
State=1
[MAPCONFIG]
m_Latitude1=2721250.2
m_Latitude2=2721559.7
m_Longitude1=524961.4
m_Longitude2=525394.4
m_XToRight=2991
m_XtoLeft=8
m_YToTop=0
m_YToBotton=0
m_XToRight1=2991
m_YToBotton1=4172
